499 -1.00867e+11 3.77507e+09 -9.70921e+10
999 -1.01437e+11 4.34466e+09 -9.70922e+10
1499 -1.02329e+11 5.2365e+09 -9.70922e+10
1999 -1.03394e+11 6.30148e+09 -9.70922e+10
2499 -1.04445e+11 7.35303e+09 -9.70921e+10
2999 -1.0572e+11 8.62748e+09 -9.70921e+10
3499 -1.0725e+11 1.01577e+10 -9.70922e+10
3999 -1.08805e+11 1.17129e+10 -9.70921e+10
4499 -1.10963e+11 1.38708e+10 -9.70922e+10
4999 -1.13434e+11 1.63414e+10 -9.70921e+10
5499 -1.1648e+11 1.93881e+10 -9.70922e+10
5999 -1.1975e+11 2.26583e+10 -9.70921e+10
6499 -1.23031e+11 2.59389e+10 -9.70922e+10
6999 -1.26464e+11 2.93714e+10 -9.70922e+10
7499 -1.30615e+11 3.35224e+10 -9.70921e+10
7999 -1.34663e+11 3.75704e+10 -9.70921e+10
8499 -1.40031e+11 4.29391e+10 -9.7092e+10
8999 -1.45354e+11 4.82617e+10 -9.70923e+10
9499 -1.51123e+11 5.40308e+10 -9.70921e+10
9999 -1.57147e+11 6.00554e+10 -9.70921e+10
10499 -1.64223e+11 6.71309e+10 -9.70923e+10
10999 -1.72255e+11 7.51629e+10 -9.70921e+10
11499 -1.81e+11 8.39078e+10 -9.70921e+10
11999 -1.91302e+11 9.42099e+10 -9.7092e+10
12499 -2.04676e+11 1.07584e+11 -9.70921e+10
12999 -2.21633e+11 1.2454e+11 -9.70924e+10
13499 -2.41191e+11 1.44099e+11 -9.70922e+10
13999 -2.66896e+11 1.69804e+11 -9.70921e+10
14499 -3.01142e+11 2.04049e+11 -9.70923e+10
14999 -3.50229e+11 2.53137e+11 -9.7092e+10
15499 -4.30001e+11 3.32909e+11 -9.70921e+10
15999 -5.24615e+11 4.27523e+11 -9.70924e+10
16499 -5.39045e+11 4.41953e+11 -9.70921e+10
16999 -4.70907e+11 3.73815e+11 -9.70918e+10
17499 -3.99952e+11 3.02861e+11 -9.70916e+10
17999 -3.43965e+11 2.46873e+11 -9.70919e+10
18499 -3.02913e+11 2.05821e+11 -9.70919e+10
18999 -2.73849e+11 1.76757e+11 -9.70916e+10
19499 -2.50971e+11 1.5388e+11 -9.70916e+10
19999 -2.32909e+11 1.35817e+11 -9.70914e+10
20499 -2.19022e+11 1.2193e+11 -9.70915e+10
20999 -2.08324e+11 1.11232e+11 -9.70918e+10
21499 -2.01336e+11 1.04244e+11 -9.70915e+10
21999 -1.96504e+11 9.94126e+10 -9.70917e+10
22499 -1.93271e+11 9.61793e+10 -9.70915e+10
22999 -1.91734e+11 9.46425e+10 -9.70915e+10
23499 -1.92373e+11 9.52819e+10 -9.70914e+10
23999 -1.96365e+11 9.92738e+10 -9.70916e+10
24499 -2.02335e+11 1.05244e+11 -9.70915e+10
24999 -2.11119e+11 1.14028e+11 -9.70916e+10
25499 -2.22696e+11 1.25605e+11 -9.70917e+10
25999 -2.32192e+11 1.351e+11 -9.70914e+10
26499 -2.39974e+11 1.42883e+11 -9.70915e+10
26999 -2.4239e+11 1.45299e+11 -9.70914e+10
27499 -2.43389e+11 1.46298e+11 -9.70916e+10
27999 -2.43052e+11 1.4596e+11 -9.70916e+10
28499 -2.36502e+11 1.3941e+11 -9.70914e+10
28999 -2.27745e+11 1.30654e+11 -9.70914e+10
29499 -2.18762e+11 1.21671e+11 -9.70914e+10
29999 -2.1234e+11 1.15248e+11 -9.70917e+10
30499 -2.07549e+11 1.10457e+11 -9.70918e+10
30999 -2.03005e+11 1.05914e+11 -9.70917e+10
31499 -2.01183e+11 1.04092e+11 -9.70916e+10
31999 -2.0048e+11 1.03388e+11 -9.70916e+10
32499 -1.99243e+11 1.02152e+11 -9.70915e+10
32999 -1.9852e+11 1.01429e+11 -9.70914e+10
33499 -2.00998e+11 1.03906e+11 -9.70916e+10
33999 -2.04688e+11 1.07596e+11 -9.70915e+10
34499 -2.09963e+11 1.12871e+11 -9.70917e+10
34999 -2.16462e+11 1.1937e+11 -9.70915e+10
35499 -2.20693e+11 1.23602e+11 -9.70917e+10
35999 -2.20159e+11 1.23068e+11 -9.70915e+10
36499 -2.18234e+11 1.21142e+11 -9.70917e+10
36999 -2.16321e+11 1.19229e+11 -9.70916e+10
37499 -2.14542e+11 1.17451e+11 -9.70916e+10
37999 -2.13647e+11 1.16556e+11 -9.70918e+10
38499 -2.10738e+11 1.13646e+11 -9.70916e+10
38999 -2.07759e+11 1.10668e+11 -9.70917e+10
39499 -2.05528e+11 1.08437e+11 -9.70916e+10
39999 -2.03547e+11 1.06455e+11 -9.70918e+10
40499 -2.05122e+11 1.0803e+11 -9.70917e+10
40999 -2.09184e+11 1.12092e+11 -9.70916e+10
41499 -2.12149e+11 1.15057e+11 -9.70918e+10
41999 -2.14415e+11 1.17323e+11 -9.70917e+10
42499 -2.16129e+11 1.19037e+11 -9.70919e+10
42999 -2.14945e+11 1.17853e+11 -9.70916e+10
43499 -2.12768e+11 1.15677e+11 -9.70917e+10
43999 -2.13429e+11 1.16338e+11 -9.70914e+10
44499 -2.14022e+11 1.1693e+11 -9.70918e+10
44999 -2.11628e+11 1.14536e+11 -9.70917e+10
45499 -2.07378e+11 1.10287e+11 -9.70916e+10
45999 -2.03836e+11 1.06744e+11 -9.70919e+10
46499 -2.00779e+11 1.03687e+11 -9.70916e+10
46999 -1.99658e+11 1.02567e+11 -9.70916e+10
47499 -1.99778e+11 1.02686e+11 -9.70919e+10
47999 -2.01308e+11 1.04217e+11 -9.70916e+10
48499 -2.06206e+11 1.09114e+11 -9.70918e+10
48999 -2.13593e+11 1.16501e+11 -9.70917e+10
49499 -2.2053e+11 1.23439e+11 -9.70916e+10
49999 -2.24444e+11 1.27353e+11 -9.70917e+10
50499 -2.26733e+11 1.29642e+11 -9.70918e+10
50999 -2.29158e+11 1.32066e+11 -9.70915e+10
51499 -2.28439e+11 1.31347e+11 -9.70917e+10
51999 -2.22503e+11 1.25411e+11 -9.70919e+10
52499 -2.16632e+11 1.1954e+11 -9.70919e+10
52999 -2.12004e+11 1.14912e+11 -9.70919e+10
53499 -2.07864e+11 1.10772e+11 -9.70916e+10
53999 -2.04583e+11 1.07491e+11 -9.70918e+10
54499 -2.03941e+11 1.06849e+11 -9.70919e+10
54999 -2.0601e+11 1.08918e+11 -9.70916e+10
55499 -2.08521e+11 1.11429e+11 -9.70918e+10
55999 -2.10249e+11 1.13157e+11 -9.70919e+10
56499 -2.11097e+11 1.14005e+11 -9.70918e+10
56999 -2.11278e+11 1.14186e+11 -9.7092e+10
57499 -2.0937e+11 1.12279e+11 -9.70916e+10
57999 -2.07826e+11 1.10734e+11 -9.70918e+10
58499 -2.05912e+11 1.0882e+11 -9.7092e+10
58999 -2.03333e+11 1.06242e+11 -9.70916e+10
59499 -2.0097e+11 1.03878e+11 -9.70919e+10
59999 -2.01256e+11 1.04165e+11 -9.70917e+10
60499 -2.03071e+11 1.05979e+11 -9.70919e+10
60999 -2.07537e+11 1.10446e+11 -9.70914e+10
61499 -2.10079e+11 1.12987e+11 -9.70914e+10
61999 -2.11628e+11 1.14537e+11 -9.70917e+10
62499 -2.10307e+11 1.13216e+11 -9.70917e+10
62999 -2.07471e+11 1.1038e+11 -9.70918e+10
63499 -2.06213e+11 1.09121e+11 -9.70917e+10
63999 -2.06201e+11 1.0911e+11 -9.70918e+10
64499 -2.05468e+11 1.08376e+11 -9.70917e+10
64999 -2.03983e+11 1.06891e+11 -9.70918e+10
65499 -2.05819e+11 1.08727e+11 -9.70915e+10
65999 -2.08965e+11 1.11873e+11 -9.70917e+10
66499 -2.10753e+11 1.13661e+11 -9.70916e+10
66999 -2.11882e+11 1.14791e+11 -9.70916e+10
67499 -2.14306e+11 1.17215e+11 -9.70919e+10
67999 -2.13653e+11 1.16561e+11 -9.70916e+10
68499 -2.10955e+11 1.13863e+11 -9.70917e+10
68999 -2.11117e+11 1.14025e+11 -9.70917e+10
69499 -2.12091e+11 1.14999e+11 -9.70916e+10
69999 -2.10187e+11 1.13095e+11 -9.70917e+10
70499 -2.08734e+11 1.11642e+11 -9.70916e+10
70999 -2.08624e+11 1.11532e+11 -9.7092e+10
71499 -2.0847e+11 1.11378e+11 -9.70918e+10
71999 -2.10004e+11 1.12913e+11 -9.70917e+10
72499 -2.12259e+11 1.15168e+11 -9.70917e+10
72999 -2.1457e+11 1.17478e+11 -9.70916e+10
73499 -2.1421e+11 1.17118e+11 -9.70916e+10
73999 -2.13728e+11 1.16637e+11 -9.70915e+10
74499 -2.14043e+11 1.16951e+11 -9.70917e+10
74999 -2.13828e+11 1.16736e+11 -9.7092e+10
75499 -2.12762e+11 1.1567e+11 -9.7092e+10
75999 -2.12098e+11 1.15006e+11 -9.70919e+10
76499 -2.12359e+11 1.15267e+11 -9.70917e+10
76999 -2.09303e+11 1.12211e+11 -9.70921e+10
77499 -2.06687e+11 1.09595e+11 -9.70917e+10
77999 -2.06925e+11 1.09833e+11 -9.70919e+10
78499 -2.08104e+11 1.11012e+11 -9.7092e+10
78999 -2.09714e+11 1.12622e+11 -9.70919e+10
79499 -2.11024e+11 1.13932e+11 -9.7092e+10
79999 -2.13563e+11 1.16471e+11 -9.70917e+10
80499 -2.14304e+11 1.17212e+11 -9.70915e+10
80999 -2.1068e+11 1.13588e+11 -9.70921e+10
81499 -2.08135e+11 1.11043e+11 -9.70921e+10
81999 -2.05469e+11 1.08377e+11 -9.7092e+10
82499 -2.04179e+11 1.07088e+11 -9.70917e+10
82999 -2.02768e+11 1.05677e+11 -9.70915e+10
83499 -2.0345e+11 1.06359e+11 -9.70915e+10
83999 -2.0373e+11 1.06638e+11 -9.70916e+10
84499 -2.03073e+11 1.05981e+11 -9.70917e+10
84999 -2.04184e+11 1.07093e+11 -9.70916e+10
85499 -2.07188e+11 1.10096e+11 -9.70915e+10
85999 -2.09672e+11 1.12581e+11 -9.70915e+10
86499 -2.11591e+11 1.14499e+11 -9.70917e+10
86999 -2.11273e+11 1.14181e+11 -9.70919e+10
87499 -2.0848e+11 1.11388e+11 -9.70916e+10
87999 -2.07484e+11 1.10392e+11 -9.70918e+10
88499 -2.07436e+11 1.10344e+11 -9.70917e+10
88999 -2.08474e+11 1.11382e+11 -9.7092e+10
89499 -2.10366e+11 1.13274e+11 -9.70918e+10
89999 -2.12828e+11 1.15736e+11 -9.70918e+10
90499 -2.14225e+11 1.17133e+11 -9.70917e+10
90999 -2.13681e+11 1.16589e+11 -9.70919e+10
91499 -2.11773e+11 1.14682e+11 -9.70918e+10
91999 -2.07188e+11 1.10096e+11 -9.70922e+10
92499 -2.02717e+11 1.05625e+11 -9.7092e+10
92999 -2.00576e+11 1.03484e+11 -9.70921e+10
93499 -2.01769e+11 1.04677e+11 -9.70919e+10
93999 -2.02419e+11 1.05327e+11 -9.70921e+10
94499 -2.05357e+11 1.08265e+11 -9.70921e+10
94999 -2.09081e+11 1.11989e+11 -9.7092e+10
95499 -2.11816e+11 1.14724e+11 -9.7092e+10
95999 -2.13272e+11 1.1618e+11 -9.7092e+10
96499 -2.11164e+11 1.14072e+11 -9.70919e+10
96999 -2.08256e+11 1.11164e+11 -9.70917e+10
97499 -2.09027e+11 1.11935e+11 -9.70917e+10
97999 -2.12138e+11 1.15047e+11 -9.70915e+10
98499 -2.17543e+11 1.20452e+11 -9.70914e+10
98999 -2.21433e+11 1.24342e+11 -9.70915e+10
99499 -2.23304e+11 1.26213e+11 -9.70915e+10
99999 -2.25487e+11 1.28396e+11 -9.70914e+10
